[COM]
m_nComNum=0
[MOTOR_X]
m_fReducer_x=5.000000
m_fDollyPerimeter=180.000000
m_fPulsesPerRevolution_x=300.000000
[MOTOR_Y]
m_fReducer_y=45.000000
m_fPulsesPerRevolution_y=1800.000000
m_fDeferentPerimeter=640.000000
m_fDeferentPitch=10.000000
[MOTOR_Z]
m_fReducer_z=45.000000
m_fPulsesPerRevolution_z=1800.000000
m_fDeferentPerimeter_z=640.000000
m_fDeferentPitch_z=10.000000
